-1.52588e-05
2.30148e-06
-3.13802e-05
-1.05816e-05
6.44604e-06
-1.39054e-06
3.04996e-05
-1.30964e-05
-1.67977e-06
6.44883e-06
-4.42874e-06
2.8029e-05
2.74964e-05
2.03597e-05
7.86885e-06
2.66443e-06
2.19367e-07
2.92141e-05
-1.37515e-05
1.40596e-05
1.50716e-06
2.15491e-05
1.49503e-05
1.7362e-05
1.07147e-05
7.0359e-06
2.1986e-06
-2.33231e-05
2.4355e-05
-3.59044e-06
4.29522e-05
7.96852e-05
2.80311e-05
2.41571e-05
2.11971e-05
3.03012e-06
4.07513e-05
1.98214e-05
-6.45655e-05
-6.24916e-05
2.08621e-05
-0.000202958
4.91114e-05
9.75709e-05
0.000228199
0.000123861
0.000120705
0.000168824
-3.7589e-05
6.1177e-05
7.19447e-05
-0.00013732
-0.000201471
0.000123874
5.4525e-06
9.3276e-05
-0.000123482
-8.3276e-05
7.34909e-06
7.75363e-06
0.000117202
0.000127214
-0.000151326
5.53016e-05
9.15527e-05
-0.000142629
3.72375e-05
7.38605e-05
1.46747e-05
2.29966e-05
3.33797e-05
-3.10485e-05
5.60742e-05
-1.83782e-06
8.66192e-05
5.61878e-05
0.000131285
-2.14107e-05
-0.000133216
8.36814e-05
-7.31109e-05
-0.000129375
0.000248247
0.000242206
8.66277e-05
-4.07694e-05
0.000320791
-9.29872e-05
-0.000288933
-0.000321562
-0.000451536
0.000764319
-0.00018783
0.000250633
8.15565e-05
-0.000286063
0.000826461
-0.000641498
9.74365e-05
-0.000489157
0.000524894
0.000143482
-0.000888704
0.000264035
-0.000143338
0.000910237
-0.000567934
0.000669869
0.00058143
-0.000248867
0.00040759
-0.000437821
0.00127015
0.00163981
0.000887691
0.000700578
-0.000810645
-0.000624802
-0.000777998
-0.00302876
-0.00197162
-0.000919936
0.000419242
0.00140979
-0.00204977
0.000335089
0.00204395
-0.00168136
-0.00224304
-0.00168136
0.00204395
0.000335089
-0.00204977
0.00140979
0.000419242
-0.000919936
-0.00197162
-0.00302876
-0.000777998
-0.000624802
-0.000810645
0.000700578
0.000887691
0.00163981
0.00127015
-0.000437821
0.00040759
-0.000248867
0.00058143
0.000669869
-0.000567934
0.000910237
-0.000143338
0.000264035
-0.000888704
0.000143482
0.000524894
-0.000489157
9.74365e-05
-0.000641498
0.000826461
-0.000286063
8.15565e-05
0.000250633
-0.00018783
0.000764319
-0.000451536
-0.000321562
-0.000288933
-9.29872e-05
0.000320791
-4.07694e-05
8.66277e-05
0.000242206
0.000248247
-0.000129375
-7.31109e-05
8.36814e-05
-0.000133216
-2.14107e-05
0.000131285
5.61878e-05
8.66192e-05
-1.83782e-06
5.60742e-05
-3.10485e-05
3.33797e-05
2.29966e-05
1.46747e-05
7.38605e-05
3.72375e-05
-0.000142629
9.15527e-05
5.53016e-05
-0.000151326
0.000127214
0.000117202
7.75363e-06
7.34909e-06
-8.3276e-05
-0.000123482
9.3276e-05
5.4525e-06
0.000123874
-0.000201471
-0.00013732
7.19447e-05
6.1177e-05
-3.7589e-05
0.000168824
0.000120705
0.000123861
0.000228199
9.75709e-05
4.91114e-05
-0.000202958
2.08621e-05
-6.24916e-05
-6.45655e-05
1.98214e-05
4.07513e-05
3.03012e-06
2.11971e-05
2.41571e-05
2.80311e-05
7.96852e-05
4.29522e-05
-3.59044e-06
2.4355e-05
-2.33231e-05
2.1986e-06
7.0359e-06
1.07147e-05
1.7362e-05
1.49503e-05
2.15491e-05
1.50716e-06
1.40596e-05
-1.37515e-05
2.92141e-05
2.19367e-07
2.66443e-06
7.86885e-06
2.03597e-05
2.74964e-05
2.8029e-05
-4.42874e-06
6.44883e-06
-1.67977e-06
-1.30964e-05
3.04996e-05
-1.39054e-06
6.44604e-06
-1.05816e-05
-3.13802e-05
2.30148e-06
